68.19 45.44 3
68.12 10.86 2
78.57 67.1 3
36.64 4.14 2
48.87 65.18 1
50.98 62.88 1
34.39 8.51 2
28.04 75.9 1
28.1 84.87 1
45.03 84.53 1
55.8 17.76 2
93.67 97.58 3
48.95 79.95 1
95.36 6.82 3
8.26 17.95 2
11.39 50.24 1
82.53 52.47 3
37.46 91.98 1
23.75 31.19 2
54.32 91.93 1
45.41 21.41 2
6.97 23.63 2
17.25 38.54 2
49.49 33.62 2
34.2 48.33 1
96.47 77.7 3
18.55 2.76 2
77.14 52.67 3
95.88 8.32 3
24.67 95.28 1
49.11 26.22 2
14.71 55.21 1
35.8 72.62 1
2.48 10.35 2
87.03 42.51 3
45.23 66.1 1
20.91 81.87 1
84.49 51.33 3
54.77 30.5 2
85.05 20.75 3
